330
330
363
325
310
308
343
331
342
337
331
329
315
351
310
304
307
307
310
311
331
326
310
313
313
309
311
313
314
313
310
424
313
314
313
310
315
312
311
312
322
312
316
339
312
313
314
325
311
313
4095
4026
4095
83
323
4095
4027
77
316
325
322
316
317
314
328
327
316
316
312
314
312
314
313
311
309
312
309
312
311
311
313
311
313
316
322
322
324
325
314
315
314
316
315
339
311
309
313
390
319
312
313
315
314
315
311
310
309
309
312
312
310
310
309
310
309
319
309
343
335
330
331
338
336
329
370
310
313
314
341
339
346
338
363
316
331
308
310
314
314
316
377
311
306
312
310
310
306
309
313
310
311
317
311
307
308
305
310
317
309
311
324
309
314
310
318
308
310
311
313
311
313
311
309
310
313
320
313
315
313
692
4092
4095
66
322
325
4095
3491
68
321
322
316
315
313
331
329
315
315
311
314
314