320
316
306
311
315
357
332
333
312
319
315
325
343
316
329
337
327
320
316
310
310
313
312
311
311
314
312
310
309
314
312
312
313
315
312
314
314
312
310
313
315
312
315
315
314
314
310
313
315
313
312
318
314
314
316
312
313
311
313
308
313
313
312
310
314
314
312
309
310
314
311
310
310
311
310
315
313
337
315
314
310
331
323
312
314
315
314
311
312
312
312
309
312
312
319
333
325
313
313
307
318
312
316
312
315
313
315
315
315
314
312
312
315
311
313
309
312
312
324
312
312
310
311
309
311
310
345
307
311
313
311
309
315
362
343
349
333
313
314
390
315
330
334
338
317
317
312
314
312
312
312
311
310
312
315
309
314
311
314
314
313
313
312
310
312
314
311
313
317
312
312
313
314
311
313
311
311
316
313
314
312
316
309
311
312
310
312
315
312
315
311
310
308
309
309
310
311
309
309
314