299
297
301
310
289
288
294
289
287
293
293
292
287
280
291
292
276
294
296
293
294
295
291
294
296
299
297
297
294
295
298
293
293
294
303
306
306
298
293
295
290
294
291
292
297
294
296
293
291
290
288
285
288
332
288
292
290
286
288
295
285
289
292
286
288
284
288
288
291
291
291
290
288
289
286
289
289
283
287
291
285
288
287
286
287
289
292
290
288
290
288
286
289
285
292
284
292
288
288
290
289
291
290
290
289
290
288
288
288
288
289
289
290
285
286
288
284
291
287
290
293
298
291
297
300
294
289
294
289
285
292
287
290
296
289
300
287
299
281
291
294
294
295
293
302
294
295
299
301
300
303
297
298
296
296
294
295
304
302
306
295
292
292
295
298
299
294
298
300
319
296
291
292
317
285
290
292
289
289
296
329
294
291
290
293
288
288
293
287
292
289
295
291
290
291
293
292
293
287
291