275
269
270
269
269
267
267
270
273
266
269
270
269
267
267
268
265
275
261
266
271
267
268
275
250
263
272
267
268
266
268
269
269
271
271
268
270
271
269
270
271
272
271
270
269
272
268
269
270
272
264
267
270
269
272
268
267
270
269
269
266
267
269
272
270
271
274
270
272
269
271
272
273
271
267
273
265
272
269
267
271
269
267
271
269
268
268
272
268
270
268
266
266
270
268
267
269
268
268
268
262
269
273
269
270
269
269
266
264
264
265
266
269
270
269
271
270
270
271
271
275
272
268
271
270
272
267
272
271
267
268
268
269
267
270
269
269
270
268
269
267
268
267
266
270
274
262
273
263
269
278
253
264
259
269
269
266
268
268
269
267
269
269
269
267
270
268
270
268
271
271
271
270
270
269
268
267
268
267
270
268
267
273
269
273
270
271
273
271
272
268
272
269
272
272
269
267
269
271
270