315
319
318
318
319
322
323
318
320
320
347
320
318
319
319
315
316
367
358
335
346
344
344
342
340
346
326
315
320
316
318
320
320
320
316
319
321
319
320
318
323
318
315
318
319
315
315
316
315
317
319
317
316
319
318
321
323
321
314
317
318
318
316
316
316
315
317
316
321
321
319
317
319
320
316
314
318
319
318
321
318
314
318
321
317
320
321
320
322
317
317
329
328
319
318
315
320
318
317
317
338
332
321
342
323
320
327
414
337
321
320
321
317
320
322
318
320
318
315
317
318
320
317
314
317
313
313
316
317
315
321
316
316
321
319
322
317
313
320
319
318
316
320
320
323
336
355
341
359
388
346
363
355
358
320
319
319
318
319
317
317
319
323
322
317
318
321
319
318
321
319
320
317
317
318
316
317
320
319
315
319
316
320
317
316
316
321
318
320
315
320
319
319
321
323
318
319
319
319
315