3794
3835
3330
60
338
300
4095
3448
3638
3738
3771
3474
2163
3806
4095
59
302
296
299
327
3640
3666
57
285
287
281
287
300
298
288
350
4095
262
278
290
292
663
724
302
306
613
294
866
371
282
287
284
289
328
280
282
277
285
285
284
297
283
282
283
280
299
282
282
279
283
305
304
291
299
331
329
323
312
317
279
282
508
346
337
307
283
281
344
282
284
286
280
317
404
293
286
309
304
295
282
280
281
283
283
285
279
279
284
283
306
337
345
307
308
287
287
277
281
281
284
1184
845
4095
3490
3572
3612
3702
4019
3985
1762
307
304
314
3136
3942
3824
4095
3355
610
3189
64
57
296
290
440
4095
236
4095
255
281
283
281
283
286
300
296
698
584
291
74
287
292
881
381
302
301
311
300
302
755
285
286
287
288
325
298
284
283
282
280
285
284
281
280
244
298
279
278
281
280
308
272
287
327
307
313
347
304
664
290
343
283
282
328
374