56
277
290
306
316
328
334
339
341
344
337
335
331
326
318
321
312
307
305
298
293
290
292
286
287
279
282
278
280
278
277
277
275
273
278
277
278
275
274
274
273
277
276
274
271
275
275
274
275
272
274
270
273
275
272
274
271
275
274
275
277
273
272
274
273
274
273
272
271
273
274
276
272
275
274
273
273
277
273
268
273
275
271
273
273
273
274
275
272
273
276
273
274
274
276
275
275
274
272
274
275
277
276
274
275
273
278
275
273
277
276
274
272
276
276
275
271
275
278
276
276
276
276
272
277
273
274
277
272
271
274
271
273
272
275
277
275
277
278
276
278
273
275
277
273
272
275
277
274
274
274
273
272
274
276
275
277
277
274
277
277
275
273
275
276
276
275
273
275
277
277
273
275
272
276
273
274
275
274
273
274
274
276
276
276
275
272
275
276
273
273
274
275
275
271
274
274
273
275
275