57
335
313
336
347
361
367
373
375
378
373
372
369
361
355
352
347
345
339
333
334
327
323
322
320
320
317
316
317
317
315
347
312
315
313
313
314
318
316
314
314
318
318
317
315
316
312
314
310
328
324
314
339
312
312
315
314
317
314
310
315
313
300
316
312
311
310
312
314
310
312
316
315
318
321
313
316
312
340
321
318
311
312
308
336
316
313
314
312
310
314
316
316
315
316
314
312
313
310
312
346
310
315
312
316
312
317
315
313
313
312
311
312
310
311
313
311
312
310
311
312
313
313
311
316
316
316
316
314
315
313
313
308
321
309
311
313
312
310
312
312
303
313
314
314
310
313
312
312
309
307
311
310
313
309
314
311
312
311
316
312
315
313
315
314
316
319
313
315
319
321
316
315
312
314
308
346
315
316
338
326
316
316
314
319
318
316
314
314
311
313
315
311
312
315
313
317
310
310
313