270
271
272
277
273
4095
3477
3364
805
1053
856
2828
3948
791
3882
3559
3483
1378
814
291
288
284
280
275
276
276
272
271
272
270
270
271
269
269
271
267
269
269
270
270
267
267
270
268
268
271
270
268
266
266
267
267
267
270
267
268
267
267
266
270
267
270
269
277
268
268
270
278
264
268
271
269
268
266
269
269
266
268
270
289
284
270
268
267
293
277
269
270
295
275
269
270
278
269
267
270
274
267
267
269
269
266
270
269
271
268
271
268
269
269
269
273
267
267
267
267
268
268
267
268
271
268
267
267
268
270
266
267
268
270
282
266
926
4095
3847
3060
3367
603
1074
2996
1541
2359
3297
4022
1285
648
288
283
281
279
275
273
275
274
274
273
267
267
270
269
270
270
269
270
268
269
270
268
267
269
268
270
269
268
269
267
267
269
268
265
267
267
264
267
270
268
267
269
269
268
279
273
266
292
270
267
268
269
269
264