273
271
270
273
275
273
274
275
274
275
273
274
274
273
277
274
291
284
288
273
279
273
276
286
272
272
278
274
272
272
274
272
275
273
273
270
273
274
276
272
274
273
273
269
272
270
270
272
272
270
270
268
271
270
272
273
269
270
268
272
269
271
269
268
270
270
271
268
271
275
273
270
271
269
267
269
269
269
270
271
270
270
268
269
273
282
272
271
274
274
270
275
273
275
272
270
285
270
274
295
271
274
269
302
274
274
291
295
324
275
268
273
270
271
270
270
272
271
272
270
272
274
269
273
274
270
272
272
276
271
277
273
279
276
273
273
277
280
278
277
276
274
275
272
274
275
285
277
276
292
285
262
281
273
269
271
272
271
272
274
272
273
273
271
271
274
272
277
275
272
274
270
275
272
271
269
269
270
272
273
273
271
271
270
272
273
270
272
274
269
272
271
269
271
271
267
271
265
270
269