275
276
274
274
275
278
264
263
271
275
273
271
268
268
277
273
258
271
272
272
270
273
274
273
272
273
272
274
274
273
270
276
271
274
275
274
270
272
273
276
273
275
272
275
274
275
278
279
275
278
277
280
280
277
275
278
275
278
278
274
274
278
277
278
277
274
281
279
280
276
274
277
277
274
277
274
273
274
273
272
272
269
270
270
268
268
274
273
278
273
271
272
271
271
274
273
272
267
269
274
271
275
274
273
273
274
274
275
277
276
274
275
273
274
275
276
272
279
277
273
280
277
278
277
275
276
276
273
274
271
272
271
269
276
264
272
261
270
266
271
267
269
268
258
269
270
274
273
269
273
273
276
271
273
274
278
280
275
275
272
275
272
272
274
273
273
277
275
277
278
279
275
277
276
278
278
279
278
276
275
275
277
276
277
275
282
279
278
282
281
279
279
277
275
275
277
278
272
274
276