268
272
272
273
273
272
273
273
271
273
270
271
269
270
272
268
271
269
268
273
274
273
271
278
281
275
285
277
270
270
271
272
271
272
266
265
266
268
267
269
270
266
266
270
267
270
268
269
269
267
270
268
269
267
269
268
267
268
269
267
272
270
271
270
271
271
271
272
267
270
269
270
272
270
278
280
279
273
274
274
273
270
275
279
271
268
272
272
269
271
270
267
270
273
271
274
265
271
268
273
269
280
272
272
275
271
276
265
274
276
272
273
274
279
272
276
273
274
270
273
270
280
271
274
275
273
271
274
273
274
273
272
274
275
274
273
270
272
276
271
270
272
275
272
271
273
272
272
277
277
268
275
274
297
269
279
287
276
274
262
272
271
268
267
267
268
268
266
269
268
274
269
272
269
268
268
268
270
267
269
272
268
272
267
268
267
267
270
268
266
270
269
269
269
269
272
270
270
269
272