257
255
278
268
269
267
267
270
270
265
264
263
260
276
270
265
269
270
270
269
257
260
270
266
268
269
269
265
268
270
267
280
269
268
266
266
269
271
270
267
270
277
281
279
273
270
269
263
265
269
262
274
272
269
268
272
269
266
265
263
260
265
265
263
271
267
265
268
267
265
263
269
267
267
267
267
267
267
267
263
266
267
267
268
262
265
266
267
267
266
266
265
268
268
267
265
266
268
275
269
267
265
268
266
265
268
267
268
268
267
268
267
268
266
269
266
270
277
265
273
265
266
264
238
270
268
268
265
256
269
264
286
263
268
270
273
271
266
266
267
276
271
262
271
270
269
267
268
269
269
268
268
269
262
270
266
271
269
266
270
268
270
268
268
267
267
266
269
267
272
267
268
282
272
268
271
270
270
267
232
281
270
270
280
276
277
265
268
268
268
265
261
264
264
264
267
269
269
266
268