277
279
279
278
277
280
282
279
281
282
278
283
281
290
272
317
302
266
285
282
282
280
280
279
281
281
284
283
282
284
278
288
287
285
288
289
285
284
287
286
280
283
281
281
281
280
282
280
280
278
279
278
290
279
281
284
277
280
280
280
282
282
282
281
283
284
282
286
282
283
285
285
280
278
280
281
279
282
284
282
281
282
283
280
283
286
282
288
281
279
280
280
280
279
280
283
281
280
287
282
279
280
283
279
280
279
283
282
277
274
276
278
281
277
283
282
280
277
277
277
283
281
277
281
284
280
275
277
277
276
277
277
280
283
261
289
273
283
272
282
281
281
279
281
281
279
282
282
279
280
279
278
282
280
279
284
274
282
283
284
285
285
287
283
284
287
283
282
281
282
280
280
282
279
282
281
282
280
283
277
281
287
280
278
278
282
281
282
283
281
280
285
283
283
284
282
284
283
287
281