321
318
316
318
314
320
321
320
317
318
319
317
317
313
316
317
315
317
317
315
315
315
314
317
316
315
314
317
317
313
318
315
317
317
315
314
328
314
314
319
310
313
315
315
316
315
316
312
313
313
322
317
312
315
315
326
315
318
318
314
315
317
318
320
318
316
318
318
316
317
317
317
318
316
318
317
316
316
317
316
318
318
319
319
319
322
315
317
319
316
321
337
312
317
315
316
318
317
320
319
317
314
318
316
316
317
317
316
315
313
317
314
318
317
316
319
316
319
314
315
319
316
317
317
316
323
319
320
320
322
323
323
321
321
319
321
318
318
320
318
316
319
316
319
318
317
315
318
321
318
318
320
319
319
315
318
316
318
347
315
313
319
314
316
319
314
318
316
317
315
314
318
314
313
317
316
319
313
316
317
317
319
320
314
316
314
313
320
319
314
313
317
314
311
314
317
317
316
316
317