274
274
271
269
276
270
274
274
273
271
270
274
270
271
267
257
286
270
275
271
270
271
269
271
270
270
268
269
269
272
273
268
270
268
271
269
270
266
268
270
268
264
264
270
268
264
266
268
266
269
268
270
270
270
269
269
270
270
273
273
270
269
270
272
275
277
273
273
272
273
276
269
271
272
276
280
274
272
273
273
278
275
272
275
273
273
277
275
275
275
278
281
280
279
273
270
269
272
272
271
276
275
270
275
270
269
269
271
273
280
273
272
271
273
272
270
273
276
271
270
270
272
272
275
272
270
270
273
270
275
274
271
268
269
275
284
268
293
269
276
275
273
273
272
273
272
273
271
272
273
272
271
271
274
268
273
271
272
269
273
268
271
273
272
267
271
269
268
269
271
269
270
270
268
270
267
273
267
268
270
272
272
267
270
269
270
274
276
270
274
270
276
271
269
271
274
275
278
279
272