271
269
269
269
268
267
269
267
268
269
272
273
275
272
270
268
270
289
270
269
270
276
273
272
268
271
270
269
270
271
270
273
271
268
272
269
270
272
271
271
267
268
268
267
269
268
266
268
268
268
269
269
271
269
270
265
268
267
265
271
268
268
269
270
269
272
273
273
271
272
272
269
273
271
270
269
271
269
273
271
269
270
271
271
274
273
276
269
270
269
269
268
270
272
272
272
272
268
270
270
269
272
272
272
272
272
271
270
273
274
272
272
272
269
269
271
273
270
271
267
268
268
273
273
273
272
269
271
275
275
275
278
274
272
273
274
273
272
273
269
264
268
271
268
272
267
273
273
271
277
273
273
272
271
268
270
271
269
268
268
271
272
270
270
269
265
268
268
272
269
270
274
270
268
268
270
273
264
270
267
269
268
269
267
270
268
267
268
268
268
270
269
267
269
268
269
271
271
273
271