273
270
274
275
274
283
270
281
276
278
279
278
278
275
267
277
267
274
272
275
273
273
272
273
271
274
272
272
277
276
277
276
274
273
274
278
274
272
273
272
269
273
273
272
272
273
274
274
273
272
265
270
273
272
271
274
270
273
276
272
275
272
275
272
272
278
276
281
278
277
282
274
277
273
274
273
277
279
275
278
276
274
273
275
277
276
272
271
271
273
274
274
275
272
275
274
277
275
272
274
273
273
273
271
271
271
272
275
271
276
274
273
267
273
273
273
274
273
275
277
274
276
272
273
276
273
275
275
274
276
281
276
276
287
274
280
274
277
275
293
272
276
260
270
274
274
272
274
272
275
278
276
276
276
274
275
280
276
275
273
276
269
274
274
274
273
271
273
272
273
271
267
267
274
271
271
273
276
272
272
274
271
273
271
272
274
272
274
277
278
278
276
275
277
277
276
270
275
273
275