52
308
281
293
310
318
325
329
333
332
330
327
323
324
314
310
305
303
300
297
291
286
287
285
280
282
275
277
275
279
278
275
274
272
272
271
273
272
270
270
269
269
269
268
270
270
272
271
273
270
272
274
273
274
276
273
275
279
273
273
272
276
272
274
270
271
272
270
273
274
275
277
275
276
272
279
276
274
273
276
270
273
274
272
271
266
270
273
271
273
270
271
271
273
270
268
266
267
266
268
274
272
275
273
274
273
274
276
272
271
272
272
270
274
272
271
271
275
273
270
272
272
272
273
274
272
269
272
272
273
267
270
274
274
272
274
273
273
272
275
272
274
276
274
271
273
272
274
270
274
273
275
276
274
272
273
269
270
269
276
273
272
269
267
272
270
269
272
268
269
270
274
272
274
275
272
271
273
277
273
276
274
273
270
271
274
272
272
273
271
272
272
275
275
273
271
275
273
269
272