257
267
265
266
268
270
263
268
266
265
271
268
270
262
308
268
268
268
268
265
260
263
264
268
271
269
265
266
266
288
266
273
267
266
268
266
270
264
266
266
268
266
269
266
265
264
272
267
269
268
262
272
271
266
266
279
273
272
266
267
268
269
267
268
261
270
266
264
268
271
269
263
264
267
268
267
267
272
268
268
270
272
270
268
266
269
264
267
265
267
270
265
266
269
265
267
268
268
272
268
267
269
269
265
269
270
267
319
266
268
268
267
268
271
270
267
268
276
265
266
263
264
265
280
246
266
268
266
258
273
266
300
264
265
268
269
269
267
270
268
280
268
279
267
266
267
266
268
268
268
267
265
266
267
259
266
265
267
269
269
262
269
268
268
266
265
268
268
268
268
269
269
266
265
267
265
266
266
265
252
280
263
269
269
269
274
267
268
266
267
268
269
267
271
268
269
268
270
263
268