265
265
262
267
266
268
263
264
267
264
266
265
266
256
254
260
302
234
266
267
266
263
263
264
267
263
262
264
264
263
264
265
261
266
266
264
268
266
266
265
266
266
266
265
265
263
266
266
266
265
265
265
263
266
264
265
267
266
266
265
264
261
265
264
267
265
262
266
263
262
264
264
266
265
266
264
262
264
264
263
267
265
265
264
263
263
265
263
264
266
267
265
264
264
263
262
261
262
263
264
266
267
261
267
266
263
267
267
263
264
265
265
265
267
265
266
264
266
263
264
263
265
267
264
264
264
263
265
264
264
266
264
267
278
257
280
261
285
258
265
264
265
265
267
266
264
264
263
265
264
262
263
265
263
266
263
263
261
262
268
270
266
265
266
263
268
266
264
267
260
263
268
266
269
268
266
266
263
265
267
265
264
263
268
265
267
267
264
268
268
266
266
265
267
266
265
265
268
267
263