266
268
269
269
268
269
269
265
265
269
268
269
268
269
269
267
268
268
269
266
268
270
268
271
272
270
268
272
268
267
267
269
270
271
263
268
273
271
271
268
271
267
272
271
270
269
286
266
277
266
286
272
268
269
268
269
268
268
268
267
270
268
270
270
268
269
267
268
269
269
269
268
270
271
268
271
268
271
268
268
270
273
273
270
268
271
269
269
272
272
269
266
270
268
272
270
271
269
271
274
271
271
273
267
272
271
271
274
271
268
267
272
268
267
269
271
270
271
272
270
272
272
268
268
269
270
271
270
274
270
270
269
270
267
270
272
270
269
267
267
269
268
266
269
270
270
270
271
270
271
271
271
270
269
268
268
268
268
268
271
270
269
267
269
274
272
273
270
272
271
270
270
271
268
269
267
266
272
269
267
270
270
266
271
269
268
272
270
266
267
270
271
273
268
270
272
271
271
267
271