266
269
269
271
269
270
272
267
270
272
274
273
271
275
274
276
271
282
266
273
271
265
277
267
291
267
270
271
268
270
272
267
274
268
273
272
272
273
270
272
271
273
275
269
271
269
270
273
271
269
272
271
269
273
273
269
271
271
270
271
269
272
271
270
272
272
270
271
271
270
274
270
271
273
270
269
270
271
272
269
272
273
269
269
269
268
269
271
274
272
272
272
272
272
271
271
271
274
275
270
266
269
272
270
273
270
269
269
272
271
274
273
272
273
272
272
272
274
273
269
267
270
268
268
271
271
269
270
270
268
269
271
271
270
273
273
273
272
267
271
268
268
270
267
268
273
272
277
272
256
272
266
270
258
270
269
272
270
272
272
273
270
272
270
269
272
274
271
268
270
271
272
269
272
270
268
269
273
274
271
273
272
271
270
269
271
272
273
271
275
273
273
270
269
270
270
270
274
272
274