57
335
276
295
304
317
322
326
329
328
330
328
324
322
312
309
304
302
300
294
289
295
284
282
284
445
316
282
276
280
300
276
281
277
279
307
278
282
273
290
281
275
276
276
278
276
277
274
275
276
279
276
276
278
309
276
280
279
278
281
282
283
278
276
277
274
284
278
276
276
275
277
275
276
277
276
275
273
310
277
279
271
280
278
274
277
279
275
269
270
277
293
270
276
273
275
272
271
274
272
275
274
272
275
276
276
274
275
273
276
279
276
272
275
270
275
277
272
274
272
272
270
274
276
270
270
275
276
271
272
272
270
270
272
274
309
268
549
270
273
271
273
274
272
272
271
272
273
274
271
271
274
273
327
274
271
272
280
278
281
277
275
309
274
323
274
278
278
275
272
275
277
274
277
273
278
275
277
275
275
279
279
278
271
276
275
278
276
280
275
276
278
272
278
277
277
276
274
276
275