274
272
275
275
273
289
274
284
273
276
273
275
287
274
271
278
273
278
273
275
273
274
271
271
274
273
272
273
271
273
272
273
273
271
271
273
272
273
270
274
271
273
272
273
273
275
271
272
271
272
272
273
274
275
271
271
271
270
273
271
271
273
273
271
272
272
269
272
270
271
273
276
273
272
272
272
271
272
272
267
271
270
270
270
273
270
269
270
272
271
271
271
271
272
270
271
271
267
270
269
274
274
274
275
270
272
270
271
271
273
287
271
269
274
273
270
272
276
274
274
272
275
273
274
276
277
273
274
279
274
274
272
277
295
277
295
275
273
270
322
277
276
271
280
275
271
272
271
275
273
281
271
271
272
270
273
271
271
274
271
272
273
271
270
269
273
274
273
274
273
270
273
272
273
271
273
273
274
267
267
273
271
272
270
270
272
271
274
273
272
271
272
270
274
272
272
271
271
270
272