317
319
317
319
317
313
316
316
319
318
323
332
987
4095
3880
4069
3898
3551
313
326
323
320
324
321
323
320
322
316
319
316
316
320
317
313
318
318
319
319
318
319
319
322
319
315
316
316
320
321
319
319
317
321
319
318
321
321
317
318
317
317
320
316
313
318
322
316
320
320
319
318
315
318
315
317
315
317
316
320
318
317
315
323
347
313
314
316
316
347
341
348
327
356
317
319
318
333
324
315
324
377
351
369
316
317
319
321
319
317
318
316
317
318
318
317
318
319
316
318
322
319
322
317
316
318
315
320
319
317
312
318
317
317
330
334
4095
3269
3638
3640
3948
82
323
333
325
323
324
323
321
323
319
320
322
318
319
319
317
319
320
316
317
319
321
319
320
319
323
319
321
319
325
321
322
319
319
319
322
325
321
323
321
319
321
319
318
322
322
322
322
321
323
321
322
322
317
319
315
319
317
319
318
321