284
280
281
283
282
281
283
285
286
289
286
280
287
283
285
282
280
281
282
281
284
285
282
284
284
286
285
284
282
282
281
281
280
283
281
285
335
276
327
398
298
286
311
283
285
303
301
289
284
282
280
283
282
287
285
284
283
286
280
284
285
286
331
285
283
283
281
282
280
281
276
283
282
280
282
280
282
281
282
284
284
282
283
284
283
283
282
285
283
284
342
1757
271
281
281
284
279
279
284
281
287
287
282
284
282
282
284
283
284
282
284
284
285
285
336
278
284
283
278
283
280
282
283
279
281
283
282
283
283
287
286
285
288
284
283
283
282
282
283
279
281
282
286
283
289
283
282
287
283
285
281
285
283
285
286
324
282
315
3688
75
281
323
283
283
290
307
297
284
284
282
282
283
286
285
282
280
284
282
284
281
286
327
276
280
281
284
284
285
283
284
281
294
293
283
282
282
282
281
281
282