268
271
274
274
278
275
277
280
273
269
274
270
280
263
322
274
274
278
276
278
265
272
275
284
275
272
271
275
273
275
276
284
274
278
276
278
274
280
272
277
276
272
276
280
277
279
276
277
279
277
278
276
277
277
277
287
277
278
279
276
274
273
273
310
276
311
276
276
277
276
277
276
274
275
273
276
275
274
275
273
272
270
271
274
270
271
274
277
278
273
277
273
272
273
274
269
270
273
273
272
272
273
275
274
273
272
273
273
273
274
272
273
272
272
272
275
271
274
262
266
264
279
269
315
242
266
268
269
268
276
279
280
268
257
268
275
275
273
277
279
281
272
285
276
276
280
275
273
276
274
277
278
278
274
305
274
272
274
275
275
274
276
276
279
278
278
277
272
275
277
273
276
276
277
274
273
274
276
275
268
270
271
278
280
276
272
275
278
278
279
280
275
278
275
277
295
276
318
279
278