276
275
276
279
281
281
277
277
278
279
277
280
280
279
281
281
283
4095
3888
3916
3913
3917
3670
3827
3912
3954
3304
59
297
297
295
295
292
286
285
283
283
279
282
278
281
281
279
279
279
281
280
281
280
279
280
282
283
282
285
276
272
275
281
282
281
275
279
281
281
278
280
280
283
280
281
277
280
278
277
276
277
278
280
279
280
281
279
281
279
283
278
281
279
281
281
279
305
437
309
305
280
290
316
329
2878
64
377
289
308
312
312
309
279
291
280
277
276
276
277
279
278
281
275
278
278
281
280
280
277
276
275
276
280
276
276
279
278
280
279
277
280
282
281
280
279
279
280
284
285
2155
2578
3634
3858
3967
3655
3638
3825
3629
67
395
311
306
299
293
290
293
285
281
289
284
279
280
282
286
281
279
279
282
280
278
278
279
282
283
281
279
283
275
274
274
280
278
282
281
280
277
279
276
278
280
285
280
276
277