55
341
281
302
309
322
327
332
332
336
329
329
323
319
314
311
305
297
292
290
286
282
281
280
278
274
271
270
269
271
266
264
271
267
269
267
270
270
265
266
267
268
264
266
266
268
267
266
266
267
265
267
268
268
268
266
269
269
269
269
265
268
268
270
268
264
267
269
263
269
268
268
268
268
269
268
268
267
270
270
269
268
269
266
268
267
269
271
271
269
268
273
270
269
268
269
269
267
266
269
267
268
266
267
270
265
268
270
266
269
269
268
265
266
268
266
265
266
270
267
268
268
268
266
276
269
268
268
266
268
270
270
267
268
270
271
265
271
268
269
267
267
269
268
266
268
269
268
264
266
266
266
267
264
264
264
280
273
266
273
272
268
268
267
267
267
267
264
267
267
268
266
265
264
266
266
267
267
269
266
268
269
267
268
270
266
268
270
265
267
266
263
265
265
267
266
267
264
271
268